{
 "cells": [
  {
   "cell_type": "markdown",
   "metadata": {},
   "source": [
    "# Inferential statistics\n",
    "## Part III - Inferential Analysis\n",
    "\n",
    "We're now going to look for answers to the ongoing basketball discussions between you and your family. The main ones we want to reasearch are the following:\n",
    "\n",
    "- Your grandmother says that your sister couldn't play in a professional basketball league (not only the WNBA, but ANY professional basketball league) because she's too skinny and lacks muscle.\n",
    "- Your sister says that most female professional players fail their free throws.\n",
    "- Your brother-in-law heard on the TV that the average assists among NBA (male) and WNBA (female) players is 52 for the 2016-2017 season. He is convinced this average would be higher if we only considered the players from the WNBA.\n",
    "\n",
    "Let's investigate these claims and see if we can find proof to refute or support them.\n",
    "\n",
    "### Libraries\n",
    "Import the necessary libraries first."
   ]
  },
  {
   "cell_type": "code",
   "execution_count": 61,
   "metadata": {},
   "outputs": [],
   "source": [
    "# Libraries\n",
    "import math\n",
    "import pandas as pd\n",
    "import numpy as np\n",
    "from scipy import stats\n",
    "import matplotlib.pyplot as plt\n",
    "from scipy.stats import ttest_1samp\n",
    "pd.set_option('max_columns', 50)\n",
    "from scipy.stats import t\n",
    "from scipy.stats import ttest_1samp\n",
    "import seaborn as sns\n",
    "import math as m"
   ]
  },
  {
   "cell_type": "code",
   "execution_count": 74,
   "metadata": {},
   "outputs": [
    {
     "data": {
      "text/plain": [
       "array(['F', 'G/F', 'G', 'C', 'F/C'], dtype=object)"
      ]
     },
     "execution_count": 74,
     "metadata": {},
     "output_type": "execute_result"
    }
   ],
   "source": [
    "wnba['Pos'].unique()"
   ]
  },
  {
   "cell_type": "markdown",
   "metadata": {},
   "source": [
    "### Load the dataset\n",
    "\n",
    "Load the cleaned dataset."
   ]
  },
  {
   "cell_type": "code",
   "execution_count": 5,
   "metadata": {},
   "outputs": [
    {
     "data": {
      "text/html": [
       "<div>\n",
       "<style scoped>\n",
       "    .dataframe tbody tr th:only-of-type {\n",
       "        vertical-align: middle;\n",
       "    }\n",
       "\n",
       "    .dataframe tbody tr th {\n",
       "        vertical-align: top;\n",
       "    }\n",
       "\n",
       "    .dataframe thead th {\n",
       "        text-align: right;\n",
       "    }\n",
       "</style>\n",
       "<table border=\"1\" class=\"dataframe\">\n",
       "  <thead>\n",
       "    <tr style=\"text-align: right;\">\n",
       "      <th></th>\n",
       "      <th>Unnamed: 0</th>\n",
       "      <th>Height</th>\n",
       "      <th>Weight</th>\n",
       "      <th>BMI</th>\n",
       "      <th>Age</th>\n",
       "      <th>Games Played</th>\n",
       "      <th>MIN</th>\n",
       "      <th>FGM</th>\n",
       "      <th>FGA</th>\n",
       "      <th>FG%</th>\n",
       "      <th>3PM</th>\n",
       "      <th>3PA</th>\n",
       "      <th>3P%</th>\n",
       "      <th>FTM</th>\n",
       "      <th>FTA</th>\n",
       "      <th>FT%</th>\n",
       "      <th>OREB</th>\n",
       "      <th>DREB</th>\n",
       "      <th>REB</th>\n",
       "      <th>AST</th>\n",
       "      <th>STL</th>\n",
       "      <th>BLK</th>\n",
       "      <th>TO</th>\n",
       "      <th>PTS</th>\n",
       "      <th>DD2</th>\n",
       "      <th>TD3</th>\n",
       "    </tr>\n",
       "  </thead>\n",
       "  <tbody>\n",
       "    <tr>\n",
       "      <th>Unnamed: 0</th>\n",
       "      <td>1.000000</td>\n",
       "      <td>-0.099244</td>\n",
       "      <td>-0.128747</td>\n",
       "      <td>-0.094033</td>\n",
       "      <td>0.167442</td>\n",
       "      <td>0.216646</td>\n",
       "      <td>0.071533</td>\n",
       "      <td>0.012228</td>\n",
       "      <td>0.047923</td>\n",
       "      <td>-0.141197</td>\n",
       "      <td>0.107164</td>\n",
       "      <td>0.119363</td>\n",
       "      <td>0.012541</td>\n",
       "      <td>0.098487</td>\n",
       "      <td>0.070897</td>\n",
       "      <td>0.019127</td>\n",
       "      <td>0.040547</td>\n",
       "      <td>0.020347</td>\n",
       "      <td>0.027612</td>\n",
       "      <td>0.054676</td>\n",
       "      <td>0.103497</td>\n",
       "      <td>-0.038341</td>\n",
       "      <td>0.058330</td>\n",
       "      <td>0.044758</td>\n",
       "      <td>0.006504</td>\n",
       "      <td>-0.087204</td>\n",
       "    </tr>\n",
       "    <tr>\n",
       "      <th>Height</th>\n",
       "      <td>-0.099244</td>\n",
       "      <td>1.000000</td>\n",
       "      <td>0.770489</td>\n",
       "      <td>0.163703</td>\n",
       "      <td>-0.107125</td>\n",
       "      <td>-0.146742</td>\n",
       "      <td>-0.140038</td>\n",
       "      <td>-0.048719</td>\n",
       "      <td>-0.147097</td>\n",
       "      <td>0.233682</td>\n",
       "      <td>-0.328597</td>\n",
       "      <td>-0.359546</td>\n",
       "      <td>-0.255198</td>\n",
       "      <td>-0.059440</td>\n",
       "      <td>-0.027620</td>\n",
       "      <td>-0.274055</td>\n",
       "      <td>0.353680</td>\n",
       "      <td>0.221064</td>\n",
       "      <td>0.272597</td>\n",
       "      <td>-0.445325</td>\n",
       "      <td>-0.181034</td>\n",
       "      <td>0.350921</td>\n",
       "      <td>-0.211953</td>\n",
       "      <td>-0.087219</td>\n",
       "      <td>0.200338</td>\n",
       "      <td>0.081493</td>\n",
       "    </tr>\n",
       "    <tr>\n",
       "      <th>Weight</th>\n",
       "      <td>-0.128747</td>\n",
       "      <td>0.770489</td>\n",
       "      <td>1.000000</td>\n",
       "      <td>0.752237</td>\n",
       "      <td>-0.049890</td>\n",
       "      <td>-0.214920</td>\n",
       "      <td>-0.233388</td>\n",
       "      <td>-0.148116</td>\n",
       "      <td>-0.231564</td>\n",
       "      <td>0.214274</td>\n",
       "      <td>-0.341832</td>\n",
       "      <td>-0.374683</td>\n",
       "      <td>-0.237746</td>\n",
       "      <td>-0.117581</td>\n",
       "      <td>-0.094195</td>\n",
       "      <td>-0.184566</td>\n",
       "      <td>0.238818</td>\n",
       "      <td>0.080622</td>\n",
       "      <td>0.134072</td>\n",
       "      <td>-0.445231</td>\n",
       "      <td>-0.259023</td>\n",
       "      <td>0.172917</td>\n",
       "      <td>-0.280432</td>\n",
       "      <td>-0.175402</td>\n",
       "      <td>0.104744</td>\n",
       "      <td>0.000162</td>\n",
       "    </tr>\n",
       "    <tr>\n",
       "      <th>BMI</th>\n",
       "      <td>-0.094033</td>\n",
       "      <td>0.163703</td>\n",
       "      <td>0.752237</td>\n",
       "      <td>1.000000</td>\n",
       "      <td>0.043729</td>\n",
       "      <td>-0.176460</td>\n",
       "      <td>-0.210939</td>\n",
       "      <td>-0.176812</td>\n",
       "      <td>-0.201462</td>\n",
       "      <td>0.083570</td>\n",
       "      <td>-0.189552</td>\n",
       "      <td>-0.208457</td>\n",
       "      <td>-0.093043</td>\n",
       "      <td>-0.112065</td>\n",
       "      <td>-0.107608</td>\n",
       "      <td>-0.002148</td>\n",
       "      <td>0.010999</td>\n",
       "      <td>-0.091939</td>\n",
       "      <td>-0.063488</td>\n",
       "      <td>-0.237706</td>\n",
       "      <td>-0.210581</td>\n",
       "      <td>-0.089385</td>\n",
       "      <td>-0.217438</td>\n",
       "      <td>-0.177784</td>\n",
       "      <td>-0.042477</td>\n",
       "      <td>-0.076725</td>\n",
       "    </tr>\n",
       "    <tr>\n",
       "      <th>Age</th>\n",
       "      <td>0.167442</td>\n",
       "      <td>-0.107125</td>\n",
       "      <td>-0.049890</td>\n",
       "      <td>0.043729</td>\n",
       "      <td>1.000000</td>\n",
       "      <td>0.125768</td>\n",
       "      <td>0.239304</td>\n",
       "      <td>0.169818</td>\n",
       "      <td>0.168012</td>\n",
       "      <td>0.121423</td>\n",
       "      <td>0.191551</td>\n",
       "      <td>0.186789</td>\n",
       "      <td>0.036811</td>\n",
       "      <td>0.105345</td>\n",
       "      <td>0.083017</td>\n",
       "      <td>-0.013643</td>\n",
       "      <td>0.009165</td>\n",
       "      <td>0.109977</td>\n",
       "      <td>0.082987</td>\n",
       "      <td>0.252346</td>\n",
       "      <td>0.205229</td>\n",
       "      <td>0.020437</td>\n",
       "      <td>0.194990</td>\n",
       "      <td>0.171281</td>\n",
       "      <td>-0.001498</td>\n",
       "      <td>0.089587</td>\n",
       "    </tr>\n",
       "    <tr>\n",
       "      <th>Games Played</th>\n",
       "      <td>0.216646</td>\n",
       "      <td>-0.146742</td>\n",
       "      <td>-0.214920</td>\n",
       "      <td>-0.176460</td>\n",
       "      <td>0.125768</td>\n",
       "      <td>1.000000</td>\n",
       "      <td>0.720852</td>\n",
       "      <td>0.577032</td>\n",
       "      <td>0.612887</td>\n",
       "      <td>-0.007503</td>\n",
       "      <td>0.365068</td>\n",
       "      <td>0.397066</td>\n",
       "      <td>0.159981</td>\n",
       "      <td>0.461075</td>\n",
       "      <td>0.489715</td>\n",
       "      <td>0.364616</td>\n",
       "      <td>0.454058</td>\n",
       "      <td>0.542430</td>\n",
       "      <td>0.538318</td>\n",
       "      <td>0.438520</td>\n",
       "      <td>0.564111</td>\n",
       "      <td>0.302149</td>\n",
       "      <td>0.623669</td>\n",
       "      <td>0.574315</td>\n",
       "      <td>0.203783</td>\n",
       "      <td>0.054592</td>\n",
       "    </tr>\n",
       "    <tr>\n",
       "      <th>MIN</th>\n",
       "      <td>0.071533</td>\n",
       "      <td>-0.140038</td>\n",
       "      <td>-0.233388</td>\n",
       "      <td>-0.210939</td>\n",
       "      <td>0.239304</td>\n",
       "      <td>0.720852</td>\n",
       "      <td>1.000000</td>\n",
       "      <td>0.909341</td>\n",
       "      <td>0.925602</td>\n",
       "      <td>0.197540</td>\n",
       "      <td>0.552407</td>\n",
       "      <td>0.566441</td>\n",
       "      <td>0.276086</td>\n",
       "      <td>0.761087</td>\n",
       "      <td>0.775032</td>\n",
       "      <td>0.315368</td>\n",
       "      <td>0.570110</td>\n",
       "      <td>0.785981</td>\n",
       "      <td>0.752312</td>\n",
       "      <td>0.730973</td>\n",
       "      <td>0.831106</td>\n",
       "      <td>0.477939</td>\n",
       "      <td>0.888612</td>\n",
       "      <td>0.910739</td>\n",
       "      <td>0.442809</td>\n",
       "      <td>0.113579</td>\n",
       "    </tr>\n",
       "    <tr>\n",
       "      <th>FGM</th>\n",
       "      <td>0.012228</td>\n",
       "      <td>-0.048719</td>\n",
       "      <td>-0.148116</td>\n",
       "      <td>-0.176812</td>\n",
       "      <td>0.169818</td>\n",
       "      <td>0.577032</td>\n",
       "      <td>0.909341</td>\n",
       "      <td>1.000000</td>\n",
       "      <td>0.966875</td>\n",
       "      <td>0.304228</td>\n",
       "      <td>0.515272</td>\n",
       "      <td>0.504907</td>\n",
       "      <td>0.259767</td>\n",
       "      <td>0.806854</td>\n",
       "      <td>0.816840</td>\n",
       "      <td>0.282001</td>\n",
       "      <td>0.592976</td>\n",
       "      <td>0.819473</td>\n",
       "      <td>0.783919</td>\n",
       "      <td>0.636255</td>\n",
       "      <td>0.730659</td>\n",
       "      <td>0.573590</td>\n",
       "      <td>0.854568</td>\n",
       "      <td>0.983840</td>\n",
       "      <td>0.602962</td>\n",
       "      <td>0.163950</td>\n",
       "    </tr>\n",
       "    <tr>\n",
       "      <th>FGA</th>\n",
       "      <td>0.047923</td>\n",
       "      <td>-0.147097</td>\n",
       "      <td>-0.231564</td>\n",
       "      <td>-0.201462</td>\n",
       "      <td>0.168012</td>\n",
       "      <td>0.612887</td>\n",
       "      <td>0.925602</td>\n",
       "      <td>0.966875</td>\n",
       "      <td>1.000000</td>\n",
       "      <td>0.147302</td>\n",
       "      <td>0.623531</td>\n",
       "      <td>0.637468</td>\n",
       "      <td>0.301783</td>\n",
       "      <td>0.822308</td>\n",
       "      <td>0.824340</td>\n",
       "      <td>0.316079</td>\n",
       "      <td>0.499610</td>\n",
       "      <td>0.756413</td>\n",
       "      <td>0.708533</td>\n",
       "      <td>0.688914</td>\n",
       "      <td>0.765703</td>\n",
       "      <td>0.482597</td>\n",
       "      <td>0.871584</td>\n",
       "      <td>0.975606</td>\n",
       "      <td>0.495464</td>\n",
       "      <td>0.154574</td>\n",
       "    </tr>\n",
       "    <tr>\n",
       "      <th>FG%</th>\n",
       "      <td>-0.141197</td>\n",
       "      <td>0.233682</td>\n",
       "      <td>0.214274</td>\n",
       "      <td>0.083570</td>\n",
       "      <td>0.121423</td>\n",
       "      <td>-0.007503</td>\n",
       "      <td>0.197540</td>\n",
       "      <td>0.304228</td>\n",
       "      <td>0.147302</td>\n",
       "      <td>1.000000</td>\n",
       "      <td>-0.125808</td>\n",
       "      <td>-0.183280</td>\n",
       "      <td>-0.030032</td>\n",
       "      <td>0.138890</td>\n",
       "      <td>0.159965</td>\n",
       "      <td>-0.181398</td>\n",
       "      <td>0.372366</td>\n",
       "      <td>0.327976</td>\n",
       "      <td>0.356356</td>\n",
       "      <td>0.044007</td>\n",
       "      <td>0.092710</td>\n",
       "      <td>0.321739</td>\n",
       "      <td>0.175041</td>\n",
       "      <td>0.241644</td>\n",
       "      <td>0.304268</td>\n",
       "      <td>0.040281</td>\n",
       "    </tr>\n",
       "    <tr>\n",
       "      <th>3PM</th>\n",
       "      <td>0.107164</td>\n",
       "      <td>-0.328597</td>\n",
       "      <td>-0.341832</td>\n",
       "      <td>-0.189552</td>\n",
       "      <td>0.191551</td>\n",
       "      <td>0.365068</td>\n",
       "      <td>0.552407</td>\n",
       "      <td>0.515272</td>\n",
       "      <td>0.623531</td>\n",
       "      <td>-0.125808</td>\n",
       "      <td>1.000000</td>\n",
       "      <td>0.981020</td>\n",
       "      <td>0.487829</td>\n",
       "      <td>0.461152</td>\n",
       "      <td>0.414541</td>\n",
       "      <td>0.286830</td>\n",
       "      <td>-0.055592</td>\n",
       "      <td>0.236922</td>\n",
       "      <td>0.155007</td>\n",
       "      <td>0.535717</td>\n",
       "      <td>0.463660</td>\n",
       "      <td>0.062378</td>\n",
       "      <td>0.493734</td>\n",
       "      <td>0.601229</td>\n",
       "      <td>0.054784</td>\n",
       "      <td>0.122439</td>\n",
       "    </tr>\n",
       "    <tr>\n",
       "      <th>3PA</th>\n",
       "      <td>0.119363</td>\n",
       "      <td>-0.359546</td>\n",
       "      <td>-0.374683</td>\n",
       "      <td>-0.208457</td>\n",
       "      <td>0.186789</td>\n",
       "      <td>0.397066</td>\n",
       "      <td>0.566441</td>\n",
       "      <td>0.504907</td>\n",
       "      <td>0.637468</td>\n",
       "      <td>-0.183280</td>\n",
       "      <td>0.981020</td>\n",
       "      <td>1.000000</td>\n",
       "      <td>0.462902</td>\n",
       "      <td>0.477375</td>\n",
       "      <td>0.429076</td>\n",
       "      <td>0.307992</td>\n",
       "      <td>-0.058611</td>\n",
       "      <td>0.228681</td>\n",
       "      <td>0.148053</td>\n",
       "      <td>0.544235</td>\n",
       "      <td>0.492152</td>\n",
       "      <td>0.045489</td>\n",
       "      <td>0.498879</td>\n",
       "      <td>0.595386</td>\n",
       "      <td>0.033387</td>\n",
       "      <td>0.128729</td>\n",
       "    </tr>\n",
       "    <tr>\n",
       "      <th>3P%</th>\n",
       "      <td>0.012541</td>\n",
       "      <td>-0.255198</td>\n",
       "      <td>-0.237746</td>\n",
       "      <td>-0.093043</td>\n",
       "      <td>0.036811</td>\n",
       "      <td>0.159981</td>\n",
       "      <td>0.276086</td>\n",
       "      <td>0.259767</td>\n",
       "      <td>0.301783</td>\n",
       "      <td>-0.030032</td>\n",
       "      <td>0.487829</td>\n",
       "      <td>0.462902</td>\n",
       "      <td>1.000000</td>\n",
       "      <td>0.164314</td>\n",
       "      <td>0.135050</td>\n",
       "      <td>0.126696</td>\n",
       "      <td>-0.092782</td>\n",
       "      <td>0.125005</td>\n",
       "      <td>0.061764</td>\n",
       "      <td>0.276042</td>\n",
       "      <td>0.212300</td>\n",
       "      <td>-0.021595</td>\n",
       "      <td>0.245226</td>\n",
       "      <td>0.284882</td>\n",
       "      <td>0.060562</td>\n",
       "      <td>0.046342</td>\n",
       "    </tr>\n",
       "    <tr>\n",
       "      <th>FTM</th>\n",
       "      <td>0.098487</td>\n",
       "      <td>-0.059440</td>\n",
       "      <td>-0.117581</td>\n",
       "      <td>-0.112065</td>\n",
       "      <td>0.105345</td>\n",
       "      <td>0.461075</td>\n",
       "      <td>0.761087</td>\n",
       "      <td>0.806854</td>\n",
       "      <td>0.822308</td>\n",
       "      <td>0.138890</td>\n",
       "      <td>0.461152</td>\n",
       "      <td>0.477375</td>\n",
       "      <td>0.164314</td>\n",
       "      <td>1.000000</td>\n",
       "      <td>0.987057</td>\n",
       "      <td>0.309319</td>\n",
       "      <td>0.504494</td>\n",
       "      <td>0.675678</td>\n",
       "      <td>0.651276</td>\n",
       "      <td>0.519450</td>\n",
       "      <td>0.657563</td>\n",
       "      <td>0.480867</td>\n",
       "      <td>0.738116</td>\n",
       "      <td>0.882761</td>\n",
       "      <td>0.510873</td>\n",
       "      <td>0.111475</td>\n",
       "    </tr>\n",
       "    <tr>\n",
       "      <th>FTA</th>\n",
       "      <td>0.070897</td>\n",
       "      <td>-0.027620</td>\n",
       "      <td>-0.094195</td>\n",
       "      <td>-0.107608</td>\n",
       "      <td>0.083017</td>\n",
       "      <td>0.489715</td>\n",
       "      <td>0.775032</td>\n",
       "      <td>0.816840</td>\n",
       "      <td>0.824340</td>\n",
       "      <td>0.159965</td>\n",
       "      <td>0.414541</td>\n",
       "      <td>0.429076</td>\n",
       "      <td>0.135050</td>\n",
       "      <td>0.987057</td>\n",
       "      <td>1.000000</td>\n",
       "      <td>0.253052</td>\n",
       "      <td>0.556782</td>\n",
       "      <td>0.716619</td>\n",
       "      <td>0.697591</td>\n",
       "      <td>0.517246</td>\n",
       "      <td>0.674464</td>\n",
       "      <td>0.510777</td>\n",
       "      <td>0.760793</td>\n",
       "      <td>0.881668</td>\n",
       "      <td>0.536073</td>\n",
       "      <td>0.125262</td>\n",
       "    </tr>\n",
       "    <tr>\n",
       "      <th>FT%</th>\n",
       "      <td>0.019127</td>\n",
       "      <td>-0.274055</td>\n",
       "      <td>-0.184566</td>\n",
       "      <td>-0.002148</td>\n",
       "      <td>-0.013643</td>\n",
       "      <td>0.364616</td>\n",
       "      <td>0.315368</td>\n",
       "      <td>0.282001</td>\n",
       "      <td>0.316079</td>\n",
       "      <td>-0.181398</td>\n",
       "      <td>0.286830</td>\n",
       "      <td>0.307992</td>\n",
       "      <td>0.126696</td>\n",
       "      <td>0.309319</td>\n",
       "      <td>0.253052</td>\n",
       "      <td>1.000000</td>\n",
       "      <td>0.071020</td>\n",
       "      <td>0.155516</td>\n",
       "      <td>0.135670</td>\n",
       "      <td>0.252072</td>\n",
       "      <td>0.247284</td>\n",
       "      <td>0.071657</td>\n",
       "      <td>0.270396</td>\n",
       "      <td>0.313147</td>\n",
       "      <td>0.069765</td>\n",
       "      <td>0.003060</td>\n",
       "    </tr>\n",
       "    <tr>\n",
       "      <th>OREB</th>\n",
       "      <td>0.040547</td>\n",
       "      <td>0.353680</td>\n",
       "      <td>0.238818</td>\n",
       "      <td>0.010999</td>\n",
       "      <td>0.009165</td>\n",
       "      <td>0.454058</td>\n",
       "      <td>0.570110</td>\n",
       "      <td>0.592976</td>\n",
       "      <td>0.499610</td>\n",
       "      <td>0.372366</td>\n",
       "      <td>-0.055592</td>\n",
       "      <td>-0.058611</td>\n",
       "      <td>-0.092782</td>\n",
       "      <td>0.504494</td>\n",
       "      <td>0.556782</td>\n",
       "      <td>0.071020</td>\n",
       "      <td>1.000000</td>\n",
       "      <td>0.805111</td>\n",
       "      <td>0.901889</td>\n",
       "      <td>0.095504</td>\n",
       "      <td>0.437854</td>\n",
       "      <td>0.747765</td>\n",
       "      <td>0.449170</td>\n",
       "      <td>0.548650</td>\n",
       "      <td>0.670549</td>\n",
       "      <td>0.058660</td>\n",
       "    </tr>\n",
       "    <tr>\n",
       "      <th>DREB</th>\n",
       "      <td>0.020347</td>\n",
       "      <td>0.221064</td>\n",
       "      <td>0.080622</td>\n",
       "      <td>-0.091939</td>\n",
       "      <td>0.109977</td>\n",
       "      <td>0.542430</td>\n",
       "      <td>0.785981</td>\n",
       "      <td>0.819473</td>\n",
       "      <td>0.756413</td>\n",
       "      <td>0.327976</td>\n",
       "      <td>0.236922</td>\n",
       "      <td>0.228681</td>\n",
       "      <td>0.125005</td>\n",
       "      <td>0.675678</td>\n",
       "      <td>0.716619</td>\n",
       "      <td>0.155516</td>\n",
       "      <td>0.805111</td>\n",
       "      <td>1.000000</td>\n",
       "      <td>0.982331</td>\n",
       "      <td>0.397024</td>\n",
       "      <td>0.608222</td>\n",
       "      <td>0.720300</td>\n",
       "      <td>0.705299</td>\n",
       "      <td>0.788668</td>\n",
       "      <td>0.755860</td>\n",
       "      <td>0.244010</td>\n",
       "    </tr>\n",
       "    <tr>\n",
       "      <th>REB</th>\n",
       "      <td>0.027612</td>\n",
       "      <td>0.272597</td>\n",
       "      <td>0.134072</td>\n",
       "      <td>-0.063488</td>\n",
       "      <td>0.082987</td>\n",
       "      <td>0.538318</td>\n",
       "      <td>0.752312</td>\n",
       "      <td>0.783919</td>\n",
       "      <td>0.708533</td>\n",
       "      <td>0.356356</td>\n",
       "      <td>0.155007</td>\n",
       "      <td>0.148053</td>\n",
       "      <td>0.061764</td>\n",
       "      <td>0.651276</td>\n",
       "      <td>0.697591</td>\n",
       "      <td>0.135670</td>\n",
       "      <td>0.901889</td>\n",
       "      <td>0.982331</td>\n",
       "      <td>1.000000</td>\n",
       "      <td>0.319284</td>\n",
       "      <td>0.581121</td>\n",
       "      <td>0.760534</td>\n",
       "      <td>0.655392</td>\n",
       "      <td>0.747498</td>\n",
       "      <td>0.762067</td>\n",
       "      <td>0.196219</td>\n",
       "    </tr>\n",
       "    <tr>\n",
       "      <th>AST</th>\n",
       "      <td>0.054676</td>\n",
       "      <td>-0.445325</td>\n",
       "      <td>-0.445231</td>\n",
       "      <td>-0.237706</td>\n",
       "      <td>0.252346</td>\n",
       "      <td>0.438520</td>\n",
       "      <td>0.730973</td>\n",
       "      <td>0.636255</td>\n",
       "      <td>0.688914</td>\n",
       "      <td>0.044007</td>\n",
       "      <td>0.535717</td>\n",
       "      <td>0.544235</td>\n",
       "      <td>0.276042</td>\n",
       "      <td>0.519450</td>\n",
       "      <td>0.517246</td>\n",
       "      <td>0.252072</td>\n",
       "      <td>0.095504</td>\n",
       "      <td>0.397024</td>\n",
       "      <td>0.319284</td>\n",
       "      <td>1.000000</td>\n",
       "      <td>0.661777</td>\n",
       "      <td>0.123411</td>\n",
       "      <td>0.822769</td>\n",
       "      <td>0.651032</td>\n",
       "      <td>0.257648</td>\n",
       "      <td>0.168017</td>\n",
       "    </tr>\n",
       "    <tr>\n",
       "      <th>STL</th>\n",
       "      <td>0.103497</td>\n",
       "      <td>-0.181034</td>\n",
       "      <td>-0.259023</td>\n",
       "      <td>-0.210581</td>\n",
       "      <td>0.205229</td>\n",
       "      <td>0.564111</td>\n",
       "      <td>0.831106</td>\n",
       "      <td>0.730659</td>\n",
       "      <td>0.765703</td>\n",
       "      <td>0.092710</td>\n",
       "      <td>0.463660</td>\n",
       "      <td>0.492152</td>\n",
       "      <td>0.212300</td>\n",
       "      <td>0.657563</td>\n",
       "      <td>0.674464</td>\n",
       "      <td>0.247284</td>\n",
       "      <td>0.437854</td>\n",
       "      <td>0.608222</td>\n",
       "      <td>0.581121</td>\n",
       "      <td>0.661777</td>\n",
       "      <td>1.000000</td>\n",
       "      <td>0.319729</td>\n",
       "      <td>0.731002</td>\n",
       "      <td>0.745081</td>\n",
       "      <td>0.356705</td>\n",
       "      <td>0.159248</td>\n",
       "    </tr>\n",
       "    <tr>\n",
       "      <th>BLK</th>\n",
       "      <td>-0.038341</td>\n",
       "      <td>0.350921</td>\n",
       "      <td>0.172917</td>\n",
       "      <td>-0.089385</td>\n",
       "      <td>0.020437</td>\n",
       "      <td>0.302149</td>\n",
       "      <td>0.477939</td>\n",
       "      <td>0.573590</td>\n",
       "      <td>0.482597</td>\n",
       "      <td>0.321739</td>\n",
       "      <td>0.062378</td>\n",
       "      <td>0.045489</td>\n",
       "      <td>-0.021595</td>\n",
       "      <td>0.480867</td>\n",
       "      <td>0.510777</td>\n",
       "      <td>0.071657</td>\n",
       "      <td>0.747765</td>\n",
       "      <td>0.720300</td>\n",
       "      <td>0.760534</td>\n",
       "      <td>0.123411</td>\n",
       "      <td>0.319729</td>\n",
       "      <td>1.000000</td>\n",
       "      <td>0.431760</td>\n",
       "      <td>0.542187</td>\n",
       "      <td>0.644691</td>\n",
       "      <td>0.291324</td>\n",
       "    </tr>\n",
       "    <tr>\n",
       "      <th>TO</th>\n",
       "      <td>0.058330</td>\n",
       "      <td>-0.211953</td>\n",
       "      <td>-0.280432</td>\n",
       "      <td>-0.217438</td>\n",
       "      <td>0.194990</td>\n",
       "      <td>0.623669</td>\n",
       "      <td>0.888612</td>\n",
       "      <td>0.854568</td>\n",
       "      <td>0.871584</td>\n",
       "      <td>0.175041</td>\n",
       "      <td>0.493734</td>\n",
       "      <td>0.498879</td>\n",
       "      <td>0.245226</td>\n",
       "      <td>0.738116</td>\n",
       "      <td>0.760793</td>\n",
       "      <td>0.270396</td>\n",
       "      <td>0.449170</td>\n",
       "      <td>0.705299</td>\n",
       "      <td>0.655392</td>\n",
       "      <td>0.822769</td>\n",
       "      <td>0.731002</td>\n",
       "      <td>0.431760</td>\n",
       "      <td>1.000000</td>\n",
       "      <td>0.858490</td>\n",
       "      <td>0.475190</td>\n",
       "      <td>0.188008</td>\n",
       "    </tr>\n",
       "    <tr>\n",
       "      <th>PTS</th>\n",
       "      <td>0.044758</td>\n",
       "      <td>-0.087219</td>\n",
       "      <td>-0.175402</td>\n",
       "      <td>-0.177784</td>\n",
       "      <td>0.171281</td>\n",
       "      <td>0.574315</td>\n",
       "      <td>0.910739</td>\n",
       "      <td>0.983840</td>\n",
       "      <td>0.975606</td>\n",
       "      <td>0.241644</td>\n",
       "      <td>0.601229</td>\n",
       "      <td>0.595386</td>\n",
       "      <td>0.284882</td>\n",
       "      <td>0.882761</td>\n",
       "      <td>0.881668</td>\n",
       "      <td>0.313147</td>\n",
       "      <td>0.548650</td>\n",
       "      <td>0.788668</td>\n",
       "      <td>0.747498</td>\n",
       "      <td>0.651032</td>\n",
       "      <td>0.745081</td>\n",
       "      <td>0.542187</td>\n",
       "      <td>0.858490</td>\n",
       "      <td>1.000000</td>\n",
       "      <td>0.570018</td>\n",
       "      <td>0.160613</td>\n",
       "    </tr>\n",
       "    <tr>\n",
       "      <th>DD2</th>\n",
       "      <td>0.006504</td>\n",
       "      <td>0.200338</td>\n",
       "      <td>0.104744</td>\n",
       "      <td>-0.042477</td>\n",
       "      <td>-0.001498</td>\n",
       "      <td>0.203783</td>\n",
       "      <td>0.442809</td>\n",
       "      <td>0.602962</td>\n",
       "      <td>0.495464</td>\n",
       "      <td>0.304268</td>\n",
       "      <td>0.054784</td>\n",
       "      <td>0.033387</td>\n",
       "      <td>0.060562</td>\n",
       "      <td>0.510873</td>\n",
       "      <td>0.536073</td>\n",
       "      <td>0.069765</td>\n",
       "      <td>0.670549</td>\n",
       "      <td>0.755860</td>\n",
       "      <td>0.762067</td>\n",
       "      <td>0.257648</td>\n",
       "      <td>0.356705</td>\n",
       "      <td>0.644691</td>\n",
       "      <td>0.475190</td>\n",
       "      <td>0.570018</td>\n",
       "      <td>1.000000</td>\n",
       "      <td>0.257379</td>\n",
       "    </tr>\n",
       "    <tr>\n",
       "      <th>TD3</th>\n",
       "      <td>-0.087204</td>\n",
       "      <td>0.081493</td>\n",
       "      <td>0.000162</td>\n",
       "      <td>-0.076725</td>\n",
       "      <td>0.089587</td>\n",
       "      <td>0.054592</td>\n",
       "      <td>0.113579</td>\n",
       "      <td>0.163950</td>\n",
       "      <td>0.154574</td>\n",
       "      <td>0.040281</td>\n",
       "      <td>0.122439</td>\n",
       "      <td>0.128729</td>\n",
       "      <td>0.046342</td>\n",
       "      <td>0.111475</td>\n",
       "      <td>0.125262</td>\n",
       "      <td>0.003060</td>\n",
       "      <td>0.058660</td>\n",
       "      <td>0.244010</td>\n",
       "      <td>0.196219</td>\n",
       "      <td>0.168017</td>\n",
       "      <td>0.159248</td>\n",
       "      <td>0.291324</td>\n",
       "      <td>0.188008</td>\n",
       "      <td>0.160613</td>\n",
       "      <td>0.257379</td>\n",
       "      <td>1.000000</td>\n",
       "    </tr>\n",
       "  </tbody>\n",
       "</table>\n",
       "</div>"
      ],
      "text/plain": [
       "              Unnamed: 0    Height    Weight       BMI       Age  \\\n",
       "Unnamed: 0      1.000000 -0.099244 -0.128747 -0.094033  0.167442   \n",
       "Height         -0.099244  1.000000  0.770489  0.163703 -0.107125   \n",
       "Weight         -0.128747  0.770489  1.000000  0.752237 -0.049890   \n",
       "BMI            -0.094033  0.163703  0.752237  1.000000  0.043729   \n",
       "Age             0.167442 -0.107125 -0.049890  0.043729  1.000000   \n",
       "Games Played    0.216646 -0.146742 -0.214920 -0.176460  0.125768   \n",
       "MIN             0.071533 -0.140038 -0.233388 -0.210939  0.239304   \n",
       "FGM             0.012228 -0.048719 -0.148116 -0.176812  0.169818   \n",
       "FGA             0.047923 -0.147097 -0.231564 -0.201462  0.168012   \n",
       "FG%            -0.141197  0.233682  0.214274  0.083570  0.121423   \n",
       "3PM             0.107164 -0.328597 -0.341832 -0.189552  0.191551   \n",
       "3PA             0.119363 -0.359546 -0.374683 -0.208457  0.186789   \n",
       "3P%             0.012541 -0.255198 -0.237746 -0.093043  0.036811   \n",
       "FTM             0.098487 -0.059440 -0.117581 -0.112065  0.105345   \n",
       "FTA             0.070897 -0.027620 -0.094195 -0.107608  0.083017   \n",
       "FT%             0.019127 -0.274055 -0.184566 -0.002148 -0.013643   \n",
       "OREB            0.040547  0.353680  0.238818  0.010999  0.009165   \n",
       "DREB            0.020347  0.221064  0.080622 -0.091939  0.109977   \n",
       "REB             0.027612  0.272597  0.134072 -0.063488  0.082987   \n",
       "AST             0.054676 -0.445325 -0.445231 -0.237706  0.252346   \n",
       "STL             0.103497 -0.181034 -0.259023 -0.210581  0.205229   \n",
       "BLK            -0.038341  0.350921  0.172917 -0.089385  0.020437   \n",
       "TO              0.058330 -0.211953 -0.280432 -0.217438  0.194990   \n",
       "PTS             0.044758 -0.087219 -0.175402 -0.177784  0.171281   \n",
       "DD2             0.006504  0.200338  0.104744 -0.042477 -0.001498   \n",
       "TD3            -0.087204  0.081493  0.000162 -0.076725  0.089587   \n",
       "\n",
       "              Games Played       MIN       FGM       FGA       FG%       3PM  \\\n",
       "Unnamed: 0        0.216646  0.071533  0.012228  0.047923 -0.141197  0.107164   \n",
       "Height           -0.146742 -0.140038 -0.048719 -0.147097  0.233682 -0.328597   \n",
       "Weight           -0.214920 -0.233388 -0.148116 -0.231564  0.214274 -0.341832   \n",
       "BMI              -0.176460 -0.210939 -0.176812 -0.201462  0.083570 -0.189552   \n",
       "Age               0.125768  0.239304  0.169818  0.168012  0.121423  0.191551   \n",
       "Games Played      1.000000  0.720852  0.577032  0.612887 -0.007503  0.365068   \n",
       "MIN               0.720852  1.000000  0.909341  0.925602  0.197540  0.552407   \n",
       "FGM               0.577032  0.909341  1.000000  0.966875  0.304228  0.515272   \n",
       "FGA               0.612887  0.925602  0.966875  1.000000  0.147302  0.623531   \n",
       "FG%              -0.007503  0.197540  0.304228  0.147302  1.000000 -0.125808   \n",
       "3PM               0.365068  0.552407  0.515272  0.623531 -0.125808  1.000000   \n",
       "3PA               0.397066  0.566441  0.504907  0.637468 -0.183280  0.981020   \n",
       "3P%               0.159981  0.276086  0.259767  0.301783 -0.030032  0.487829   \n",
       "FTM               0.461075  0.761087  0.806854  0.822308  0.138890  0.461152   \n",
       "FTA               0.489715  0.775032  0.816840  0.824340  0.159965  0.414541   \n",
       "FT%               0.364616  0.315368  0.282001  0.316079 -0.181398  0.286830   \n",
       "OREB              0.454058  0.570110  0.592976  0.499610  0.372366 -0.055592   \n",
       "DREB              0.542430  0.785981  0.819473  0.756413  0.327976  0.236922   \n",
       "REB               0.538318  0.752312  0.783919  0.708533  0.356356  0.155007   \n",
       "AST               0.438520  0.730973  0.636255  0.688914  0.044007  0.535717   \n",
       "STL               0.564111  0.831106  0.730659  0.765703  0.092710  0.463660   \n",
       "BLK               0.302149  0.477939  0.573590  0.482597  0.321739  0.062378   \n",
       "TO                0.623669  0.888612  0.854568  0.871584  0.175041  0.493734   \n",
       "PTS               0.574315  0.910739  0.983840  0.975606  0.241644  0.601229   \n",
       "DD2               0.203783  0.442809  0.602962  0.495464  0.304268  0.054784   \n",
       "TD3               0.054592  0.113579  0.163950  0.154574  0.040281  0.122439   \n",
       "\n",
       "                   3PA       3P%       FTM       FTA       FT%      OREB  \\\n",
       "Unnamed: 0    0.119363  0.012541  0.098487  0.070897  0.019127  0.040547   \n",
       "Height       -0.359546 -0.255198 -0.059440 -0.027620 -0.274055  0.353680   \n",
       "Weight       -0.374683 -0.237746 -0.117581 -0.094195 -0.184566  0.238818   \n",
       "BMI          -0.208457 -0.093043 -0.112065 -0.107608 -0.002148  0.010999   \n",
       "Age           0.186789  0.036811  0.105345  0.083017 -0.013643  0.009165   \n",
       "Games Played  0.397066  0.159981  0.461075  0.489715  0.364616  0.454058   \n",
       "MIN           0.566441  0.276086  0.761087  0.775032  0.315368  0.570110   \n",
       "FGM           0.504907  0.259767  0.806854  0.816840  0.282001  0.592976   \n",
       "FGA           0.637468  0.301783  0.822308  0.824340  0.316079  0.499610   \n",
       "FG%          -0.183280 -0.030032  0.138890  0.159965 -0.181398  0.372366   \n",
       "3PM           0.981020  0.487829  0.461152  0.414541  0.286830 -0.055592   \n",
       "3PA           1.000000  0.462902  0.477375  0.429076  0.307992 -0.058611   \n",
       "3P%           0.462902  1.000000  0.164314  0.135050  0.126696 -0.092782   \n",
       "FTM           0.477375  0.164314  1.000000  0.987057  0.309319  0.504494   \n",
       "FTA           0.429076  0.135050  0.987057  1.000000  0.253052  0.556782   \n",
       "FT%           0.307992  0.126696  0.309319  0.253052  1.000000  0.071020   \n",
       "OREB         -0.058611 -0.092782  0.504494  0.556782  0.071020  1.000000   \n",
       "DREB          0.228681  0.125005  0.675678  0.716619  0.155516  0.805111   \n",
       "REB           0.148053  0.061764  0.651276  0.697591  0.135670  0.901889   \n",
       "AST           0.544235  0.276042  0.519450  0.517246  0.252072  0.095504   \n",
       "STL           0.492152  0.212300  0.657563  0.674464  0.247284  0.437854   \n",
       "BLK           0.045489 -0.021595  0.480867  0.510777  0.071657  0.747765   \n",
       "TO            0.498879  0.245226  0.738116  0.760793  0.270396  0.449170   \n",
       "PTS           0.595386  0.284882  0.882761  0.881668  0.313147  0.548650   \n",
       "DD2           0.033387  0.060562  0.510873  0.536073  0.069765  0.670549   \n",
       "TD3           0.128729  0.046342  0.111475  0.125262  0.003060  0.058660   \n",
       "\n",
       "                  DREB       REB       AST       STL       BLK        TO  \\\n",
       "Unnamed: 0    0.020347  0.027612  0.054676  0.103497 -0.038341  0.058330   \n",
       "Height        0.221064  0.272597 -0.445325 -0.181034  0.350921 -0.211953   \n",
       "Weight        0.080622  0.134072 -0.445231 -0.259023  0.172917 -0.280432   \n",
       "BMI          -0.091939 -0.063488 -0.237706 -0.210581 -0.089385 -0.217438   \n",
       "Age           0.109977  0.082987  0.252346  0.205229  0.020437  0.194990   \n",
       "Games Played  0.542430  0.538318  0.438520  0.564111  0.302149  0.623669   \n",
       "MIN           0.785981  0.752312  0.730973  0.831106  0.477939  0.888612   \n",
       "FGM           0.819473  0.783919  0.636255  0.730659  0.573590  0.854568   \n",
       "FGA           0.756413  0.708533  0.688914  0.765703  0.482597  0.871584   \n",
       "FG%           0.327976  0.356356  0.044007  0.092710  0.321739  0.175041   \n",
       "3PM           0.236922  0.155007  0.535717  0.463660  0.062378  0.493734   \n",
       "3PA           0.228681  0.148053  0.544235  0.492152  0.045489  0.498879   \n",
       "3P%           0.125005  0.061764  0.276042  0.212300 -0.021595  0.245226   \n",
       "FTM           0.675678  0.651276  0.519450  0.657563  0.480867  0.738116   \n",
       "FTA           0.716619  0.697591  0.517246  0.674464  0.510777  0.760793   \n",
       "FT%           0.155516  0.135670  0.252072  0.247284  0.071657  0.270396   \n",
       "OREB          0.805111  0.901889  0.095504  0.437854  0.747765  0.449170   \n",
       "DREB          1.000000  0.982331  0.397024  0.608222  0.720300  0.705299   \n",
       "REB           0.982331  1.000000  0.319284  0.581121  0.760534  0.655392   \n",
       "AST           0.397024  0.319284  1.000000  0.661777  0.123411  0.822769   \n",
       "STL           0.608222  0.581121  0.661777  1.000000  0.319729  0.731002   \n",
       "BLK           0.720300  0.760534  0.123411  0.319729  1.000000  0.431760   \n",
       "TO            0.705299  0.655392  0.822769  0.731002  0.431760  1.000000   \n",
       "PTS           0.788668  0.747498  0.651032  0.745081  0.542187  0.858490   \n",
       "DD2           0.755860  0.762067  0.257648  0.356705  0.644691  0.475190   \n",
       "TD3           0.244010  0.196219  0.168017  0.159248  0.291324  0.188008   \n",
       "\n",
       "                   PTS       DD2       TD3  \n",
       "Unnamed: 0    0.044758  0.006504 -0.087204  \n",
       "Height       -0.087219  0.200338  0.081493  \n",
       "Weight       -0.175402  0.104744  0.000162  \n",
       "BMI          -0.177784 -0.042477 -0.076725  \n",
       "Age           0.171281 -0.001498  0.089587  \n",
